// Save File for STEM
// Version 1.00

// State Format: name x y start accept
STATES:
	0 224.285714 264.285714 true false 1.000000 1.000000 0.000000 1.000000
	1 380.476190 263.333333 false false 0.980392 0.980392 0.823529 1.000000
	4 529.047619 266.190476 false false 0.980392 0.980392 0.823529 1.000000
	2 711.418537 422.071791 false false 0.980392 0.980392 0.823529 1.000000
	6 721.465914 137.033241 false false 0.980392 0.980392 0.823529 1.000000
	3 916.010489 65.164431 false false 0.980392 0.980392 0.823529 1.000000
	5 908.593400 231.519140 false false 0.980392 0.980392 0.823529 1.000000
	7 1117.331474 148.871578 false false 0.980392 0.980392 0.823529 1.000000
	9 1110.973969 447.674303 false false 0.980392 0.980392 0.823529 1.000000
	8 906.474232 371.384245 false false 0.980392 0.980392 0.823529 1.000000
	10 914.950905 538.798538 false false 0.980392 0.980392 0.823529 1.000000
	11 519.726024 536.679370 false false 1.000000 0.000000 0.000000 1.000000
	12 1276.269094 295.094188 false false 0.980392 0.980392 0.823529 1.000000
	13 1423.994618 297.379253 false false 0.980392 0.980392 0.823529 1.000000
	14 1533.680315 189.293717 false false 0.980392 0.980392 0.823529 1.000000
	15 1524.926848 465.027919 false false 0.980392 0.980392 0.823529 1.000000
	16 1684.677616 190.023173 false false 0.980392 0.980392 0.823529 1.000000
	17 1839.322195 190.023173 false false 0.980392 0.980392 0.823529 1.000000
	18 2001.261329 188.564261 false false 0.980392 0.980392 0.823529 1.000000
	19 2135.481152 185.646439 false false 0.980392 0.980392 0.823529 1.000000
	20 2290.855186 184.916984 false false 0.980392 0.980392 0.823529 1.000000
	21 2446.958676 181.999161 false false 0.980392 0.980392 0.823529 1.000000
	22 2597.226522 177.622428 false false 0.980392 0.980392 0.823529 1.000000
	23 2750.412189 173.245695 false false 0.980392 0.980392 0.823529 1.000000
	24 2898.491668 169.598417 false true 0.000000 1.000000 0.000000 1.000000
	25 1697.078360 467.216286 false false 0.980392 0.980392 0.823529 1.000000
	26 1845.157839 361.445229 false false 0.980392 0.980392 0.823529 1.000000
	27 1994.696229 302.359329 false false 0.980392 0.980392 0.823529 1.000000
	28 2134.022241 300.170962 false false 0.980392 0.980392 0.823529 1.000000
	29 2293.773009 297.982596 false false 0.980392 0.980392 0.823529 1.000000
	30 2446.958676 295.794229 false false 0.980392 0.980392 0.823529 1.000000
	31 2605.979988 295.794229 false false 0.980392 0.980392 0.823529 1.000000
	32 2759.895112 293.605862 false false 0.980392 0.980392 0.823529 1.000000
	33 2898.491668 290.688040 false true 0.000000 1.000000 0.000000 1.000000
	34 2000.531873 425.637319 false false 0.980392 0.980392 0.823529 1.000000
	35 2137.669519 427.096230 false false 0.980392 0.980392 0.823529 1.000000
	36 2296.690831 424.907863 false false 0.980392 0.980392 0.823529 1.000000
	37 2450.605954 426.366774 false false 0.980392 0.980392 0.823529 1.000000
	38 2605.979988 423.448952 false false 0.980392 0.980392 0.823529 1.000000
	39 2759.895112 421.260585 false false 0.980392 0.980392 0.823529 1.000000
	40 2906.515679 413.966030 false true 0.000000 1.000000 0.000000 1.000000
	41 1842.969472 605.812842 false false 0.980392 0.980392 0.823529 1.000000
	42 1993.237318 543.079664 false false 0.980392 0.980392 0.823529 1.000000
	43 1988.131129 680.217309 false false 0.980392 0.980392 0.823529 1.000000
	44 2137.669519 542.350208 false false 0.980392 0.980392 0.823529 1.000000
	45 2139.857885 681.676220 false false 0.980392 0.980392 0.823529 1.000000
	46 2291.584642 543.809119 false false 0.980392 0.980392 0.823529 1.000000
	47 2452.794321 540.161842 false false 0.980392 0.980392 0.823529 1.000000
	48 2616.192366 536.514564 false false 0.980392 0.980392 0.823529 1.000000
	49 2767.919123 529.220008 false false 0.980392 0.980392 0.823529 1.000000
	50 2914.539690 523.384364 false true 0.000000 1.000000 0.000000 1.000000
	51 2295.231920 679.487854 false false 0.980392 0.980392 0.823529 1.000000
	52 2462.277243 677.299487 false false 0.980392 0.980392 0.823529 1.000000
	53 2622.757466 672.922754 false false 0.980392 0.980392 0.823529 1.000000
	54 2783.237690 669.275476 false false 0.980392 0.980392 0.823529 1.000000
	55 2925.481524 665.628198 false true 0.000000 1.000000 0.000000 1.000000
	56 1696.376303 1005.738149 false false 0.980392 0.980392 0.823529 1.000000
	57 1840.106989 880.531407 false false 0.980392 0.980392 0.823529 1.000000
	58 1998.195340 808.045482 false false 0.980392 0.980392 0.823529 1.000000
	59 2004.408419 950.255964 false false 0.980392 0.980392 0.823529 1.000000
	60 1843.696983 1124.825969 false false 0.980392 0.980392 0.823529 1.000000
	61 2009.422556 1125.552836 false false 0.980392 0.980392 0.823529 1.000000
	62 2135.914922 799.719075 false false 0.980392 0.980392 0.823529 1.000000
	63 2297.857173 800.408191 false false 0.980392 0.980392 0.823529 1.000000
	64 2467.379699 796.273496 false false 0.980392 0.980392 0.823529 1.000000
	65 2625.876370 790.760568 false false 0.980392 0.980392 0.823529 1.000000
	66 2785.751273 790.760568 false false 0.980392 0.980392 0.823529 1.000000
	67 2933.222089 789.382336 false true 0.000000 1.000000 0.000000 1.000000
	68 2130.401995 947.879007 false false 0.980392 0.980392 0.823529 1.000000
	69 2468.068815 941.676963 false false 0.980392 0.980392 0.823529 1.000000
	70 2629.321950 936.853151 false false 0.980392 0.980392 0.823529 1.000000
	71 2796.088012 931.340224 false false 0.980392 0.980392 0.823529 1.000000
	72 2937.356784 931.340224 false true 0.000000 1.000000 0.000000 1.000000
	73 2133.847575 1123.603577 false false 0.980392 0.980392 0.823529 1.000000
	74 2297.857173 1117.401533 false false 0.980392 0.980392 0.823529 1.000000
	75 2472.892627 1114.645069 false false 0.980392 0.980392 0.823529 1.000000
	76 2645.860733 1105.686562 false false 0.980392 0.980392 0.823529 1.000000
	77 2812.626796 1103.619214 false false 0.980392 0.980392 0.823529 1.000000
	78 2937.356784 1098.795402 false true 0.000000 1.000000 0.000000 1.000000
	79 2298.546289 943.055195 false false 0.980392 0.980392 0.823529 1.000000

// Transition format: fromStateId toStateId readCHar writeChar moveDirection
// The Character '~' is the catchall character
TRANSITION:
	0 1 0 0 RIGHT
	1 4 0 0 RIGHT
	4 6 1 1 RIGHT
	4 2 0 0 RIGHT
	6 3 1 1 RIGHT
	6 5 0 0 RIGHT
	3 7 0 0 RIGHT
	5 9 1 1 RIGHT
	5 7 0 0 RIGHT
	2 8 1 1 RIGHT
	2 10 0 0 RIGHT
	10 9 1 1 RIGHT
	8 9 1 1 RIGHT
	8 7 0 0 RIGHT
	1 11 1 1 RIGHT
	0 11 1 1 RIGHT
	10 11 0 0 RIGHT
	3 11 1 1 RIGHT
	7 12 # # RIGHT
	9 12 # # RIGHT
	12 13 0 0 RIGHT
	13 14 0 0 RIGHT
	13 15 1 1 RIGHT
	14 16 1 1 RIGHT
	16 17 1 1 RIGHT
	17 18 1 1 RIGHT
	18 19 ~ # RIGHT
	19 20 ~ 0 RIGHT
	20 21 ~ 1 RIGHT
	21 22 ~ 1 RIGHT
	22 23 ~ 1 RIGHT
	23 24 ~ 1 RIGHT
	15 25 0 0 RIGHT
	25 26 0 0 RIGHT
	26 27 0 0 RIGHT
	27 28 ~ # RIGHT
	28 29 ~ 1 RIGHT
	29 30 ~ 0 RIGHT
	30 31 ~ 0 RIGHT
	31 32 ~ 0 RIGHT
	32 33 ~ 0 RIGHT
	26 34 1 1 RIGHT
	34 35 ~ # RIGHT
	35 36 ~ 1 RIGHT
	36 37 ~ 0 RIGHT
	37 38 ~ 0 RIGHT
	38 39 ~ 0 RIGHT
	39 40 ~ 1 RIGHT
	25 41 1 1 RIGHT
	41 42 0 0 RIGHT
	41 43 1 1 RIGHT
	42 44 ~ # RIGHT
	43 45 ~ # RIGHT
	44 46 ~ 1 RIGHT
	46 47 ~ 0 RIGHT
	47 48 ~ 0 RIGHT
	48 49 ~ 1 RIGHT
	49 50 ~ 0 RIGHT
	45 51 ~ 1 RIGHT
	51 52 ~ 0 RIGHT
	52 53 ~ 0 RIGHT
	53 54 ~ 1 RIGHT
	54 55 ~ 1 RIGHT
	15 56 1 1 RIGHT
	56 57 0 0 RIGHT
	56 60 1 1 RIGHT
	57 58 0 0 RIGHT
	57 59 1 1 RIGHT
	60 61 0 0 RIGHT
	58 62 ~ # RIGHT
	59 68 ~ # RIGHT
	61 73 ~ # RIGHT
	62 63 ~ 1 RIGHT
	63 64 ~ 0 RIGHT
	64 65 ~ 1 RIGHT
	65 66 ~ 0 RIGHT
	66 67 ~ 0 RIGHT
	68 79 ~ 0 RIGHT
	79 69 ~ 1 RIGHT
	69 70 ~ 1 RIGHT
	70 71 ~ 1 RIGHT
	71 72 ~ 0 RIGHT
	73 74 ~ 1 RIGHT
	74 75 ~ 0 RIGHT
	75 76 ~ 1 RIGHT
	76 77 ~ 0 RIGHT
	77 78 ~ 1 RIGHT

// Tape format: tapeChar(0) tapeChar(1) ... tapeChar(n)
TAPE:
	17
	00001#01001#10001 
Start Triangle Position:0
